20
1: 11, 12, 13, 14, 15, 16, 17, 18, 19, 20
2: 11, 12, 13, 14, 15, 16, 17, 18, 19, 20
3: 11, 12, 13, 14, 15, 16, 17, 18, 19, 20
4: 11, 12, 13, 14, 15, 16, 17, 18, 19, 20
5: 11, 12, 13, 14, 15, 16, 17, 18, 19, 20
6: 11, 12, 13, 14, 15, 16, 17, 18, 19, 20
7: 11, 12, 13, 14, 15, 16, 17, 18, 19, 20
8: 11, 12, 13, 14, 15, 16, 17, 18, 19, 20
9: 11, 12, 13, 14, 15, 16, 17, 18, 19, 20
10: 11, 12, 13, 14, 15, 16, 17, 18, 19, 20
11: 1, 2, 3, 4, 5, 6, 7, 8, 9, 10
12: 1, 2, 3, 4, 5, 6, 7, 8, 9, 10
13: 1, 2, 3, 4, 5, 6, 7, 8, 9, 10
14: 1, 2, 3, 4, 5, 6, 7, 8, 9, 10
15: 1, 2, 3, 4, 5, 6, 7, 8, 9, 10
16: 1, 2, 3, 4, 5, 6, 7, 8, 9, 10
17: 1, 2, 3, 4, 5, 6, 7, 8, 9, 10
18: 1, 2, 3, 4, 5, 6, 7, 8, 9, 10
19: 1, 2, 3, 4, 5, 6, 7, 8, 9, 10
20: 1, 2, 3, 4, 5, 6, 7, 8, 9, 10
