17
1: 9, 10, 11, 12, 13, 14, 15, 16, 17
2: 9, 10, 11, 12, 13, 14, 15, 16, 17
3: 9, 10, 11, 12, 13, 14, 15, 16, 17
4: 9, 10, 11, 12, 13, 14, 15, 16, 17
5: 9, 10, 11, 12, 13, 14, 15, 16, 17
6: 9, 10, 11, 12, 13, 14, 15, 16, 17
7: 9, 10, 11, 12, 13, 14, 15, 16, 17
8: 9, 10, 11, 12, 13, 14, 15, 16, 17
9: 1, 2, 3, 4, 5, 6, 7, 8
10: 1, 2, 3, 4, 5, 6, 7, 8
11: 1, 2, 3, 4, 5, 6, 7, 8
12: 1, 2, 3, 4, 5, 6, 7, 8
13: 1, 2, 3, 4, 5, 6, 7, 8
14: 1, 2, 3, 4, 5, 6, 7, 8
15: 1, 2, 3, 4, 5, 6, 7, 8
16: 1, 2, 3, 4, 5, 6, 7, 8
17: 1, 2, 3, 4, 5, 6, 7, 8
