19
1: 10, 11, 12, 13, 14, 15, 16, 17, 18, 19
2: 10, 11, 12, 13, 14, 15, 16, 17, 18, 19
3: 10, 11, 12, 13, 14, 15, 16, 17, 18, 19
4: 10, 11, 12, 13, 14, 15, 16, 17, 18, 19
5: 10, 11, 12, 13, 14, 15, 16, 17, 18, 19
6: 10, 11, 12, 13, 14, 15, 16, 17, 18, 19
7: 10, 11, 12, 13, 14, 15, 16, 17, 18, 19
8: 10, 11, 12, 13, 14, 15, 16, 17, 18, 19
9: 10, 11, 12, 13, 14, 15, 16, 17, 18, 19
10: 1, 2, 3, 4, 5, 6, 7, 8, 9
11: 1, 2, 3, 4, 5, 6, 7, 8, 9
12: 1, 2, 3, 4, 5, 6, 7, 8, 9
13: 1, 2, 3, 4, 5, 6, 7, 8, 9
14: 1, 2, 3, 4, 5, 6, 7, 8, 9
15: 1, 2, 3, 4, 5, 6, 7, 8, 9
16: 1, 2, 3, 4, 5, 6, 7, 8, 9
17: 1, 2, 3, 4, 5, 6, 7, 8, 9
18: 1, 2, 3, 4, 5, 6, 7, 8, 9
19: 1, 2, 3, 4, 5, 6, 7, 8, 9
